10110000001000000000000000000101
10110000010000000000000110010000
10110000011000011010110110110000
10000000000000000000000000000000
10000000000000000000000000000000
10000000000000000000000000000000
10110000100001111010110110110000
10110000101000000000000000000001
10110000110000000000000000000001
10110001101000010110000100100000
10110001101000010110000100100000
10110001100000000000000000101000
10110001010000010110000100100000
01100010110010000000000000000000
10000000000000000000000000000000
10000000000000000000000000000000
10000000000000000000000000000000
01000010111010000000000000000000
00100010110100000000000000001100
10000000000000000000000000000000
10000000000000000000000000000000
10000000000000000000000000000000
10000000000000000000000000000000
10110000010001000000000000000001
10110001010101000000000000000001
00001111111111111111111111110011
10000000000000000000000000000000
10000000000000000000000000000000
10000000000000000000000000000000
10000000000000000000000000000000
10000001110000000000000000000000
